930886 289383
636915 692777
238335 747793
760492 885386
641421 516649
490027 202362
520059 368690
513926 897763
383426 180540
455736 89172
595368 5211
956429 702567
21530 465782
665123 722862
703135 174067
979802 513929
723058 634022
898167 133069
18456 961393
478042 175011
377373 176229
544919 484421
898537 413784
594324 575198
664370 798315
803526 566413
268980 776091
241873 759956
999170 806862
497281 906996
420925 702305
336327 477084
126505 660336
621729 750846
925857 661313
353895 616124
100545 819582
233367 898814
990364 515434
313750 344043
426808 171087
947178 117276
393584 695788
502651 705403
612399 392754
95060 999932
993368 549676
210012 947739
698586 636226
297539 348094
480570 140795
960378 651434
66601 97467
612902 710097
570492 573317
260756 926652
560280 997301
209441 724286
429689 953865
346619 228444
744729 558440
108117 958031
905771 738097
890675 834481
698927 120709
777856 704567
872353 179497
276965 254586
964683 455306
28624 406219
332871 51528
48829 805732
530019 409503
363368 258270
486715 959708
518149 226340
700723 747796
2245 142618
493451 122846
243555 892921
597488 192379
888228 537764
792350 469841
441500 165193
87764 757034
324914 470124
275856 936987
346491 373743
148365 322227
281936 709859
452551 151432
899228 316437
975407 153275
276121 901474
794395 468858
661237 36029
573793 908235
894428 65818
231011 366143
639529 335928
0 0
