30
42
60
66
70
78
84
90
102
105
110
114
120
126
130
132
138
140
150
154
156
165
168
170
174
180
182
186
190
195
198
204
210
220
222
228
230
231
234
238
240
246
252
255
258
260
264
266
270
273
276
280
282
285
286
290
294
300
306
308
310
312
315
318
322
330
336
340
342
345
348
350
354
357
360
364
366
370
372
374
378
380
385
390
396
399
402
406
408
410
414
418
420
426
429
430
434
435
438
440
442
444
450
455
456
460
462
465
468
470
474
476
480
483
490
492
494
495
504
506
510
516
518
520
522
525
528
530
532
540
546
550
552
555
558
560
561
564
570
572
574
580
585
588
590
594
595
598
600
602
609
610
612
615
616
620
624
627
630
636
638
644
645
646
650
651
658
660
663
665
666
670
672
680
682
684
690
693
696
700
702
705
708
710
714
715
720
726
728
730
732
735
738
740
741
742
744
748
750
754
756
759
760
765
770
774
777
780
782
790
792
795
798
804
805
806
810
812
814
816
819
820
825
826
828
836
840
846
850
852
854
855
858
860
861
868
870
874
876
880
882
884
885
888
897
900
902
903
910
912
915
918
920
924
930
935
936
938
940
945
946
948
950
952
954
957
960
962
966
969
975
980
984
986
987
988
990
994
1001
1005
1008
1012
1014
1015
1020
1022
1023
1026
1032
1034
1035
1036
1040
1044
1045
1050
1054
1056
1060
1062
1064
1065
1066
1071
1078
1080
1085
1092
1095
1098
1100
1102
1104
1105
1106
1110
1113
1116
1118
1120
1122
1128
1131
1134
1140
1144
1148
1150
1155
1160
1166
1170
1173
1176
1178
1180
1185
1188
1190
1196
1197
1200
1204
1206
1209
1210
1218
1220
1221
1222
1224
1230
1232
1235
1239
1240
1242
1248
1254
1258
1260
1265
1272
1274
1275
1276
1278
1281
1287
1288
1290
1292
1295
1298
1300
1302
1305
1309
1311
1314
1316
1320
1326
1330
1332
1334
1340
1342
1344
1350
1353
1360
1364
1365
1368
1378
1380
1386
1392
1394
1395
1400
1404
1406
1407
1410
1416
1419
1420
1422
1425
1426
1428
1430
1435
1440
1443
1449
1450
1452
1456
1460
1462
1463
1464
1470
1474
1476
1479
1480
1482
1484
1485
1488
1491
1495
1496
1500
1505
1508
1512
1518
1520
1530
1533
1534
1540
1547
1548
1550
1551
1554
1558
1560
1562
1564
1566
1575
1580
1581
1584
1586
1590
1595
1596
1598
1599
1606
1608
1610
1612
1615
1617
1620
1624
1628
1632
1634
1638
1640
1645
1650
1652
1653
1656
1659
1665
1666
1672
1674
1677
1680
1683
1690
1692
1694
1700
1702
1704
1705
1708
1710
1716
1720
1722
1725
1729
1734
1736
1738
1740
1742
1748
1749
1750
1752
1755
1760
1764
1767
1768
1770
1771
1776
1782
1785
1786
1794
1798
1800
1802
1804
1806
1815
1820
1824
1827
1830
1833
1836
1840
1845
1846
1848
1850
1855
1860
1862
1870
1872
1876
1880
1881
1885
1886
1887
1890
1892
1896
1898
1900
1904
1908
1911
1914
1920
1924
1925
1932
1935
1938
1947
1950
1953
1955
1960
1968
1972
1974
1976
1978
1980
1988
1989
1995
1998
2001
2002
2006
2010
2013
2014
2015
2016
2024
2028
2030
2035
2040
2044
2046
2050
2052
2054
2058
2064
2065
2067
2068
2070
2072
2074
2079
2080
2088
2090
2091
2093
2100
2106
2108
2109
2112
2115
2120
2124
2128
2130
2132
2135
2139
2142
2145
2146
2150
2156
2160
2162
2166
2170
2175
2178
2184
2185
2190
2193
2196
2200
2204
2205
2208
2210
2211
2212
2214
2220
2223
2226
2232
2233
2236
2240
2242
2244
2250
2254
2255
2256
2261
2262
2268
2275
2277
2278
2280
2288
2294
2295
2296
2300
2301
2310
2318
2320
2322
2325
2331
2332
2337
2340
2343
2345
2346
2350
2352
2356
2360
2365
2366
2370
2376
2378
2379
2380
2385
2387
2392
2394
2397
2400
2405
2408
2409
2412
2414
2415
2418
2420
2430
2431
2436
2438
2440
2442
2444
2448
2450
2451
2457
2460
2464
2465
2470
2475
2478
2480
2482
2484
2485
2490
2494
2496
2499
2508
2516
2520
2530
2535
2538
2541
2542
2544
2546
2548
2550
2552
2553
2555
2556
2562
2565
2574
2576
2580
2583
2584
2585
2590
2596
2600
2604
2607
2610
2613
2618
2622
2625
2628
2632
2635
2639
2640
2646
2650
2652
2655
2660
2664
2665
2666
2668
2670
2679
2680
2684
2686
2688
2691
2695
2697
2698
2700
2703
2706
2709
2714
2717
2720
2726
2728
2730
2736
2737
2745
2750
2754
2755
2756
2760
2765
2769
2772
2774
2775
2784
2788
2790
2793
2795
2800
2805
2806
2808
2812
2814
2820
2821
2829
2832
2835
2838
2840
2842
2844
2847
2849
2850
2852
2856
2860
2862
2870
2871
2880
2886
2890
2898
2900
2904
2907
2910
2912
2914
2915
2920
2924
2925
2926
2928
2940
2945
2948
2950
2952
2958
2960
2961
2964
2967
2968
2970
2975
2976
2982
2990
2992
3000
3002
3003
3009
3010
3015
3016
3021
3024
3030
3034
3036
3038
3040
3042
3045
3050
3055
3059
3060
3066
3068
3069
3074
3075
3078
3080
3081
3082
3090
3094
3096
3100
3102
3105
3108
3111
3116
3120
3124
3128
3132
3135
3145
3146
3150
3157
3160
3162
3168
3172
3174
3180
3182
3185
3186
3190
3192
3195
3196
3198
3210
3212
3213
3216
3219
3220
3224
3225
3230
3234
3240
3243
3245
3248
3250
3255
3256
3264
3266
3268
3270
3276
3280
3285
3286
3289
3290
3294
3300
3304
3306
3311
3312
3315
3318
3325
3330
3332
3335
3339
3344
3348
3350
3354
3355
3358
3360
3363
3366
3367
3380
3381
3384
3388
