21
63
291
2817
2991
4435
20617
45421
69271
75841
162619
176569
284029
400399
474883
732031
778669
783169
1014109
1288663
1504051
1514419
1924891
1956103
2006737
2044501
2094901
2239261
2710627
2868469
3582907
3689251
4198273
4696009
5050429
5380657
5886817
6018163
6636841
7026037
7357291
7507321
8316907
8319823
10521853
10670263
11052043
11208013
11778541
12682573
13089211
13619401
14386597
15165277
15921403
16097281
17756467
18186577
18221803
19238209
19465657
20110669
20132269
20906089
22469569
22594687
22792831
23393869
23765569
24351469
24826111
25823401
26749843
27121813
27896587
28132261
28726351
30320971
31524631
32046307
33209107
33232921
35343619
35391067
35746783
36291067
36891367
37476421
38736277
39706369
41047603
43265149
44220769
44402389
45137221
45363499
47427631
49264099
51649369
56138623
56250763
57472531
60662491
63664387
64952683
65107969
68476579
70134271
72464317
72520369
76065487
77286679
77520679
80194057
80896687
84201883
84910489
88320571
93473251
93642883
95223031
95499637
96088669
96329041
97830241
99391867
99836521
